$ 1 0.000005 10.20027730826997 50 5 43 5e-11
t -176 272 -112 272 0 -1 0.06778184846023017 -0.5291039302054396 100 default
t 48 240 0 240 1 -1 11.548780690827291 -0.5968857786656697 100 default
r -112 176 -112 224 0 10000
w -112 256 0 256 0
w -112 224 -112 256 0
R -112 160 -112 128 0 0 40 12 0 0 0.5
w -112 160 -112 176 0
r -208 272 -176 272 0 600
g -208 272 -208 320 0 0
r -176 272 -176 176 0 100000
g 48 240 48 272 0 0
g -112 288 -112 304 0 0
174 -224 48 -128 64 1 10000 0.0545 Resistance
w -176 176 -176 64 0
R -224 48 -224 0 0 0 40 12 0 0 0.5
g -128 48 -128 80 0 0
R 80 48 80 0 0 0 40 -12 0 0 0.5
d 80 80 80 48 2 default
w 0 80 0 224 0
370 0 80 80 80 3 0 0
