$ 1 0.000005 10.20027730826997 50 5 43 5e-11
s -288 208 -144 208 0 1 true
g -144 272 -144 320 0 0
w -288 176 -288 208 0
g -336 128 -336 160 0 0
w -288 128 -336 128 0
v -288 128 -288 176 0 0 40 5 0 0 0.5
f -48 224 0 224 32 1.5 0.02
f -48 160 0 160 33 1.5 0.02
g 0 240 0 288 0 0
w -48 224 -48 160 0
w -144 208 -48 160 0
R 0 96 0 64 0 0 40 12 0 0 0.5
w 0 96 0 144 0
d -144 272 -144 208 2 default
174 0 176 144 176 1 1000000 0.24260000000000004 Resistance
w 0 208 160 208 0
w 160 208 160 176 0
w 80 160 80 112 0
w 80 112 160 112 0
w 160 112 160 176 0
p 160 208 160 272 3 0 0 10000000
g 288 288 288 320 0 0
g 160 272 160 304 0 0
209 288 176 288 288 4 0.000002 6.453114972542963 0.001 0 1
r 240 176 288 176 0 330
a 352 160 512 160 8 15 -15 1000000 6.453055988927085 6.453114972542963 100000
w 288 176 352 176 0
r 352 16 352 96 0 10000
r 352 96 512 96 0 1000
w 352 96 352 144 0
w 512 96 512 160 0
R 352 16 352 -32 0 0 40 12 0 0 0.5
g 512 272 512 304 0 0
r 512 160 512 208 0 10000
p 512 208 512 272 3 0 0 10000000
t 576 64 608 64 1 -1 -0.6297329509212243 -0.6515113989657695 100 default
g 576 64 576 96 0 0
r 608 48 608 -16 0 10000
R 608 -48 608 -80 0 0 40 -11.4 0 0 0.5
p 672 208 672 272 3 0 0 10000000
w 672 272 512 272 0
g 576 224 576 240 0 0
174 576 160 576 224 1 1000 0.5990000000000001 Resistance
w 512 160 576 160 0
r 608 80 608 192 0 100
w 608 192 592 192 0
w 672 208 608 192 0
370 160 176 240 176 3 0 0
370 608 -16 608 -48 3 0 0
