$ 1 0.000005 10.20027730826997 50 5 43 5e-11
174 -192 144 -176 256 1 10000 0.8168000000000001 Resistance
R -192 144 -192 96 0 0 40 12 0 0 0.5
R -192 272 -192 320 0 0 40 -12 0 0 0.5
w -96 224 -96 208 0
t 0 224 64 224 0 -1 -0.5925051119763133 -0.6143270902527604 100 default
w 0 224 -96 224 0
g 64 240 64 304 0 0
r 0 224 0 272 0 600
g 0 272 0 304 0 0
r 128 144 128 208 0 10000
w 64 208 128 208 0
t 272 192 208 192 1 -1 11.999992651696715 -0.02182197827644721 100 default
w 208 208 128 208 0
g 272 192 272 224 0 0
r -96 208 -176 208 0 2200
R 128 144 128 96 0 0 40 12 0 0 0.5
d 208 176 208 32 2 default
370 208 32 368 32 3 0 0
R 368 32 368 80 0 0 40 -12 0 0 0.5
